[gd_scene load_steps=11 format=3 uid="uid://iof6v8780ksx"]

[ext_resource type="ArrayMesh" uid="uid://b7lxrblah3lnp" path="res://assets/stuff/stuff_mesh/stuff_mousetrap.res" id="1_keath"]
[ext_resource type="ArrayMesh" uid="uid://1efstgh42uep" path="res://assets/skeleton/meshes/skeleton_band.res" id="3_l4gru"]
[ext_resource type="ArrayMesh" uid="uid://df35ua0hm8mb1" path="res://assets/skeleton/meshes/skeleton_body.res" id="4_vpcru"]
[ext_resource type="ArrayMesh" uid="uid://cp8p58ihvtysf" path="res://assets/skeleton/meshes/skeleton_crutch.res" id="5_suwvk"]
[ext_resource type="ArrayMesh" uid="uid://y3jkl2l0odor" path="res://assets/skeleton/meshes/skeleton_hand.res" id="7_p74a8"]
[ext_resource type="ArrayMesh" uid="uid://cdpshnkc74uik" path="res://assets/skeleton/meshes/skeleton_palm.res" id="8_njrkx"]
[ext_resource type="ArrayMesh" uid="uid://cu0y4ab6twkw" path="res://assets/skeleton/meshes/skeleton_ribs.res" id="9_dfsxr"]
[ext_resource type="ArrayMesh" uid="uid://ppijorx78ugg" path="res://assets/skeleton/meshes/skeleton_shirt.res" id="10_sl16a"]
[ext_resource type="ArrayMesh" uid="uid://dqw4kxj4h3yy5" path="res://assets/skeleton/meshes/skeleton_skull.res" id="11_krarf"]

[sub_resource type="Skin" id="Skin_yu0ra"]
resource_name = "Skin"
bind_count = 29
bind/0/name = &"Base.002"
bind/0/bone = -1
bind/0/pose = Transform3D(1, 8.76171e-09, -2.38258e-07, 1.77636e-14, 0.999324, 0.0367494, 2.38419e-07, -0.0367493, 0.999324, -8.07936e-09, -0.921498, 0.0338873)
bind/1/name = &"Base.003"
bind/1/bone = -1
bind/1/pose = Transform3D(1, -2.49448e-08, -2.3711e-07, 2.13163e-14, 0.994512, -0.104626, 2.38419e-07, 0.104626, 0.994512, 3.04073e-08, -1.13498, -0.127537)
bind/2/name = &"Arm.L.001"
bind/2/bone = -1
bind/2/pose = Transform3D(0.0228807, 4.45898e-08, 0.999738, 0.999738, -5.47739e-09, -0.0228807, 6.0356e-09, 1, 2.9672e-08, -0.00380494, -0.187045, -1.35397)
bind/3/name = &"Arm.L.002"
bind/3/bone = -1
bind/3/pose = Transform3D(-0.0248389, 5.12784e-15, 0.999691, 0.999691, 3.4268e-09, 0.0248388, -1.84586e-09, 1, 7.42903e-08, 0.0217577, -0.535317, -1.35397)
bind/4/name = &"ArmTarget.L"
bind/4/bone = -1
bind/4/pose = Transform3D(8.2959e-09, 4.47035e-08, 1, 1, -8.72758e-10, -8.29584e-09, 8.72779e-10, 1, 2.98023e-08, 0.00171329, -0.806997, -1.35397)
bind/5/name = &"Finger1.L.001"
bind/5/bone = -1
bind/5/pose = Transform3D(-0.398979, 8.88178e-16, 0.91696, 0.91696, 2.97263e-08, 0.398979, -2.72578e-08, 1, 6.26456e-08, 0.362307, -0.828382, -1.35397)
bind/6/name = &"Finger1.L.002"
bind/6/bone = -1
bind/6/pose = Transform3D(-0.936329, 8.88178e-14, 0.351124, 0.351124, 6.9762e-08, 0.936329, -2.4495e-08, 1, 9.18562e-09, 0.887882, -0.355266, -1.35397)
bind/7/name = &"Finger2.L.001"
bind/7/bone = -1
bind/7/pose = Transform3D(0.30802, -0.387684, 0.868807, 0.868807, 0.486751, -0.0908185, -0.387684, 0.782799, 0.486751, 0.290762, -1.39595, -0.775921)
bind/8/name = &"Finger2.L.002"
bind/8/bone = -1
bind/8/pose = Transform3D(0.259558, -0.525321, 0.81035, 0.81035, 0.574919, 0.113141, -0.525321, 0.627301, 0.574919, 0.527411, -1.51085, -0.4366)
bind/9/name = &"Arm.R.001"
bind/9/bone = -1
bind/9/pose = Transform3D(0.0228807, -6.69691e-08, -0.999738, -0.999738, -4.52836e-09, -0.0228807, -3.83249e-09, 1, 1.48173e-08, 0.00380497, -0.187045, -1.35397)
bind/10/name = &"Arm.R.002"
bind/10/bone = -1
bind/10/pose = Transform3D(-0.0248389, 1.89432e-15, -0.999691, -0.999691, 2.87098e-09, 0.0248389, 2.03248e-09, 1, 8.18013e-08, -0.0217577, -0.535317, -1.35397)
bind/11/name = &"ArmTarget.R"
bind/11/bone = -1
bind/11/pose = Transform3D(-8.7278e-10, -1, -1.2666e-07, -1, 8.72812e-10, 8.29589e-09, -8.2959e-09, 5.21541e-08, -1, 1.35397, -0.806997, -0.00171344)
bind/12/name = &"Finger1.R.001"
bind/12/bone = -1
bind/12/pose = Transform3D(-0.398979, -8.2569e-09, -0.91696, -0.91696, 3.70458e-08, 0.398979, 2.95357e-08, 1, 4.3142e-08, -0.362307, -0.828382, -1.35397)
bind/13/name = &"Finger1.R.002"
bind/13/bone = -1
bind/13/pose = Transform3D(-0.936329, -7.4607e-14, -0.351124, -0.351124, 6.17238e-08, 0.936329, 2.05332e-08, 1, 7.69994e-09, -0.887882, -0.355265, -1.35397)
bind/14/name = &"Finger2.R.001"
bind/14/bone = -1
bind/14/pose = Transform3D(0.30802, 0.674898, 0.670549, -0.868807, 0.486752, -0.0908185, -0.387684, -0.554604, 0.736285, -0.690108, -1.39595, 0.458636)
bind/15/name = &"Finger2.R.002"
bind/15/bone = -1
bind/15/pose = Transform3D(0.259558, 0.179094, 0.948976, -0.810351, 0.574919, 0.113141, -0.525321, -0.79837, 0.294353, -0.026354, -1.51085, 0.68417)
bind/16/name = &"Base.004"
bind/16/bone = -1
bind/16/pose = Transform3D(1, -6.31738e-09, -2.38335e-07, 2.08722e-14, 0.999649, -0.0264969, 2.38419e-07, 0.026497, 0.999649, 4.64672e-09, -1.38178, -0.0194898)
bind/17/name = &"Head"
bind/17/bone = -1
bind/17/pose = Transform3D(1, 6.63205e-08, -2.29009e-07, 2.84217e-14, 0.960532, 0.278168, 2.38419e-07, -0.278168, 0.960532, -1.0986e-07, -1.51073, 0.460786)
bind/18/name = &"Jaw"
bind/18/bone = -1
bind/18/pose = Transform3D(0.999855, 0.00677388, -0.0156117, 0.0165859, -0.593273, 0.80483, -0.00381018, -0.804973, -0.593299, -0.00738194, 0.911443, 1.26885)
bind/19/name = &"ArmPole.L"
bind/19/bone = -1
bind/19/pose = Transform3D(-6.79741e-08, 8.19564e-08, 1, 1, 7.15111e-09, 6.79743e-08, -7.15109e-09, 1, -7.45058e-09, 0.396389, -0.533191, -1.35397)
bind/20/name = &"ArmPole.R"
bind/20/bone = -1
bind/20/pose = Transform3D(7.1511e-09, -1, -4.47035e-08, -1, -7.15102e-09, -6.79742e-08, 6.79742e-08, -2.98023e-08, -1, 1.35397, -0.533191, -0.396389)
bind/21/name = &"Leg.L.001"
bind/21/bone = -1
bind/21/pose = Transform3D(1, -7.78015e-08, -6.92499e-08, -7.78016e-08, -1, -3.27825e-07, -6.92481e-08, 2.38418e-07, -1, -0.118403, 0.932249, -0.00164462)
bind/22/name = &"Leg.L.002"
bind/22/bone = -1
bind/22/pose = Transform3D(1, 7.95908e-15, -2.80859e-14, 2.4359e-14, -0.998946, -0.0459075, 1.79845e-12, 0.0459074, -0.998945, -0.118403, 0.50129, -0.0246834)
bind/23/name = &"Leg.R.001"
bind/23/bone = -1
bind/23/pose = Transform3D(1, 6.06996e-08, -1.69168e-07, 6.06996e-08, -1, -3.27825e-07, -1.69169e-07, 2.38418e-07, -1, 0.118403, 0.932249, -0.00164464)
bind/24/name = &"Leg.R.002"
bind/24/bone = -1
bind/24/pose = Transform3D(1, 5.68879e-15, -8.50936e-14, -4.95017e-14, -0.998946, -0.0459075, -1.10734e-12, 0.0459074, -0.998945, 0.118403, 0.50129, -0.0246834)
bind/25/name = &"LegTarget.L"
bind/25/bone = -1
bind/25/pose = Transform3D(-1, 0, 0, 0, 0, 1, 0, 1, 0, 0.118403, 0.0222005, -0.0545948)
bind/26/name = &"LegPole.L"
bind/26/bone = -1
bind/26/pose = Transform3D(1, 0, 0, 0, -1, -1.19209e-07, 0, 0, -1, -0.118403, 0.777345, 0.641348)
bind/27/name = &"LegTarget.R"
bind/27/bone = -1
bind/27/pose = Transform3D(-1, 0, 0, 0, 0, 1, 0, 1, 0, -0.118403, 0.0222005, -0.0545948)
bind/28/name = &"LegPole.R"
bind/28/bone = -1
bind/28/pose = Transform3D(1, 0, 2.38419e-07, 2.84217e-14, -1, -1.19209e-07, 2.38419e-07, 0, -1, 0.118403, 0.777345, 0.641348)

[node name="Ingvar" type="Node3D"]

[node name="StuffMousetrap" type="MeshInstance3D" parent="."]
mesh = ExtResource("1_keath")

[node name="skeleton" type="Node3D" parent="."]
transform = Transform3D(0.0813254, -0.0574248, 0.00941087, 0.00848406, -0.00429868, -0.0995467, 0.0575691, 0.0817552, 0.00137603, 0.0516625, 0.0501664, -0.257941)

[node name="Armature" type="Node3D" parent="skeleton"]

[node name="Skeleton3D" type="Skeleton3D" parent="skeleton/Armature"]
bones/0/name = "Base.002"
bones/0/parent = -1
bones/0/rest = Transform3D(1, 5.32907e-15, 2.38419e-07, 8.76172e-09, 0.999325, -0.0367493, -2.38258e-07, 0.0367493, 0.999325, 0, 0.922121, 0)
bones/0/enabled = true
bones/0/position = Vector3(0, 0.922121, 0)
bones/0/rotation = Quaternion(0.0183778, 1.19189e-07, 2.1908e-09, 0.999831)
bones/0/scale = Vector3(1, 1, 1)
bones/1/name = "Base.003"
bones/1/parent = 0
bones/1/rest = Transform3D(1, 3.36416e-08, 2.38535e-09, -3.36416e-08, 0.989995, 0.141103, 2.38545e-09, -0.141103, 0.989995, 2.22045e-16, 0.220118, -2.79397e-09)
bones/1/enabled = true
bones/1/position = Vector3(2.22045e-16, 0.220118, -2.79397e-09)
bones/1/rotation = Quaternion(-0.0707287, -2.47088e-14, -1.6863e-08, 0.997496)
bones/1/scale = Vector3(1, 1, 1)
bones/2/name = "Arm.L.001"
bones/2/parent = 1
bones/2/rest = Transform3D(0.0228804, 0.999738, 1.19209e-07, -0.104599, 0.00239372, 0.994512, 0.994251, -0.0227549, 0.104626, 0.187083, 0.211614, 0.0136503)
bones/2/enabled = true
bones/2/position = Vector3(0.187083, 0.211614, 0.0136503)
bones/2/rotation = Quaternion(-0.478503, -0.467677, -0.519459, 0.531484)
bones/2/scale = Vector3(1, 1, 1)
bones/3/name = "Arm.L.002"
bones/3/parent = 2
bones/3/rest = Transform3D(0.998861, 0.047706, 4.44263e-08, -0.047706, 0.998861, -8.90029e-09, -4.48004e-08, 6.77076e-09, 1, -1.32679e-09, 0.348701, 2.98237e-09)
bones/3/enabled = true
bones/3/position = Vector3(-1.32679e-09, 0.348701, 2.98237e-09)
bones/3/rotation = Quaternion(3.91888e-09, 2.2313e-08, -0.0238598, 0.999715)
bones/3/scale = Vector3(1, 1, 1)
bones/4/name = "ArmTarget.L"
bones/4/parent = 1
bones/4/rest = Transform3D(-2.38419e-07, 1, -8.9407e-08, -0.104626, 1.19209e-07, 0.994512, 0.994512, 2.08616e-07, 0.104626, 0.806997, 0.211744, 0.0124197)
bones/4/enabled = true
bones/4/position = Vector3(0.806997, 0.211744, 0.0124197)
bones/4/rotation = Quaternion(-0.473121, -0.473121, -0.525506, 0.525506)
bones/4/scale = Vector3(1, 1, 1)
bones/5/name = "Finger1.L.001"
bones/5/parent = 4
bones/5/rest = Transform3D(0.91696, 0.398979, 3.28433e-08, -0.398979, 0.91696, -2.81306e-08, -4.13395e-08, 1.26908e-08, 1, -7.50431e-11, 0.097149, 7.38058e-10)
bones/5/enabled = true
bones/5/position = Vector3(-7.50431e-11, 0.097149, 7.38058e-10)
bones/5/rotation = Quaternion(1.0424e-08, 1.89431e-08, -0.203765, 0.97902)
bones/5/scale = Vector3(1, 1, 1)
bones/6/name = "Finger1.L.002"
bones/6/parent = 5
bones/6/rest = Transform3D(0.695542, 0.718485, -5.0123e-08, -0.718485, 0.695542, -1.8796e-08, 2.1358e-08, 4.90861e-08, 1, 2.23517e-08, 0.0566499, -2.47524e-08)
bones/6/enabled = true
bones/6/position = Vector3(2.23517e-08, 0.0566499, -2.47524e-08)
bones/6/rotation = Quaternion(1.84313e-08, -1.94085e-08, -0.390165, 0.920745)
bones/6/scale = Vector3(1, 1, 1)
bones/7/name = "Finger2.L.001"
bones/7/parent = 4
bones/7/rest = Transform3D(0.868807, -0.0908185, 0.486751, 0.30802, 0.868807, -0.387684, -0.387684, 0.486751, 0.782799, 6.17607e-09, 0.0154405, 0.0456233)
bones/7/enabled = true
bones/7/position = Vector3(6.17607e-09, 0.0154405, 0.0456233)
bones/7/rotation = Quaternion(0.233024, 0.233024, 0.106284, 0.938138)
bones/7/scale = Vector3(1, 1, 1)
bones/8/name = "Finger2.L.002"
bones/8/parent = 7
bones/8/rest = Transform3D(0.987645, 0.125015, 0.0944897, -0.10379, 0.973605, -0.203276, -0.117408, 0.190958, 0.974551, -3.49246e-08, 0.0410137, 3.63216e-08)
bones/8/enabled = true
bones/8/position = Vector3(-3.49246e-08, 0.0410137, 3.63216e-08)
bones/8/rotation = Quaternion(0.0993591, 0.0534048, -0.0576659, 0.991943)
bones/8/scale = Vector3(1, 1, 1)
bones/9/name = "Arm.R.001"
bones/9/parent = 1
bones/9/rest = Transform3D(0.0228809, -0.999738, -1.49012e-07, 0.104599, 0.00239378, 0.994512, -0.994251, -0.0227553, 0.104626, -0.187083, 0.211614, 0.0136502)
bones/9/enabled = true
bones/9/position = Vector3(-0.187083, 0.211614, 0.0136502)
bones/9/rotation = Quaternion(-0.478503, 0.467677, 0.519459, 0.531484)
bones/9/scale = Vector3(1, 1, 1)
bones/10/name = "Arm.R.002"
bones/10/parent = 9
bones/10/rest = Transform3D(0.998861, -0.047706, -6.68322e-08, 0.047706, 0.998861, -7.39607e-09, 6.71089e-08, 4.19936e-09, 1, -8.01634e-10, 0.348701, 1.92777e-09)
bones/10/enabled = true
bones/10/position = Vector3(-8.01634e-10, 0.348701, 1.92777e-09)
bones/10/rotation = Quaternion(2.89968e-09, -3.34948e-08, 0.0238598, 0.999715)
bones/10/scale = Vector3(1, 1, 1)
bones/11/name = "ArmTarget.R"
bones/11/parent = 1
bones/11/rest = Transform3D(5.96046e-08, -1, 2.23517e-07, -0.994512, -1.19209e-07, 0.104626, -0.104626, -2.38419e-07, -0.994512, -0.806997, 0.211744, 0.0124193)
bones/11/enabled = true
bones/11/position = Vector3(-0.806997, 0.211744, 0.0124193)
bones/11/rotation = Quaternion(-0.706136, 0.706136, 0.0370417, 0.0370419)
bones/11/scale = Vector3(1, 1, 1)
bones/12/name = "Finger1.R.001"
bones/12/parent = 11
bones/12/rest = Transform3D(5.96046e-08, -5.96046e-08, -1, 0.398979, 0.91696, -1.49012e-08, 0.91696, -0.398979, 5.96047e-08, 1.00614e-09, 0.097149, 1.11378e-12)
bones/12/enabled = true
bones/12/position = Vector3(1.00614e-09, 0.097149, 1.11378e-12)
bones/12/rotation = Quaternion(-0.144083, -0.692272, 0.144083, 0.692272)
bones/12/scale = Vector3(1, 1, 1)
bones/13/name = "Finger1.R.002"
bones/13/parent = 12
bones/13/rest = Transform3D(0.695542, -0.718485, 3.60908e-08, 0.718485, 0.695542, -5.88571e-09, -2.08739e-08, 3.00244e-08, 1, -3.5394e-08, 0.0566498, -1.46547e-07)
bones/13/enabled = true
bones/13/position = Vector3(-3.5394e-08, 0.0566498, -1.46547e-07)
bones/13/rotation = Quaternion(9.7503e-09, 1.5467e-08, 0.390165, 0.920745)
bones/13/scale = Vector3(1, 1, 1)
bones/14/name = "Finger2.R.001"
bones/14/parent = 11
bones/14/rest = Transform3D(-0.674899, -0.486751, 0.554604, -0.308019, 0.868806, 0.387684, -0.670549, 0.0908185, -0.736285, -0.0456233, 0.0154405, -3.18673e-09)
bones/14/enabled = true
bones/14/position = Vector3(-0.0456233, 0.0154405, -3.18673e-09)
bones/14/rotation = Quaternion(-0.21942, 0.905537, 0.132105, 0.338239)
bones/14/scale = Vector3(1, 1, 1)
bones/15/name = "Finger2.R.002"
bones/15/parent = 14
bones/15/rest = Transform3D(0.837154, 0.214275, -0.503249, -0.224516, 0.973605, 0.0410622, 0.498765, 0.0786122, 0.863165, -3.39933e-08, 0.0410138, 1.10362e-07)
bones/15/enabled = true
bones/15/position = Vector3(-3.39933e-08, 0.0410138, 1.10362e-07)
bones/15/rotation = Quaternion(0.00979524, -0.261384, -0.114462, 0.958374)
bones/15/scale = Vector3(1, 1, 1)
bones/16/name = "Base.004"
bones/16/parent = 1
bones/16/rest = Transform3D(1, -1.86534e-08, 7.30842e-10, 1.86534e-08, 0.996935, -0.0782379, 7.30797e-10, 0.0782379, 0.996935, -3.14045e-15, 0.241041, 0)
bones/16/enabled = true
bones/16/position = Vector3(-3.14045e-15, 0.241041, 0)
bones/16/rotation = Quaternion(0.0391489, 1.11941e-14, 9.33384e-09, 0.999233)
bones/16/scale = Vector3(1, 1, 1)
bones/17/name = "Head"
bones/17/parent = 16
bones/17/rest = Transform3D(1, -7.23652e-08, 1.12475e-08, 7.23652e-08, 0.952825, -0.303522, 1.12475e-08, 0.303522, 0.952824, -3.18284e-17, 0.197538, 0)
bones/17/enabled = true
bones/17/position = Vector3(0.204367, 0.615107, 0.113715)
bones/17/rotation = Quaternion(-0.188731, 0.741577, -0.444874, 0.465329)
bones/17/scale = Vector3(1, 1, 0.999999)
bones/18/name = "Jaw"
bones/18/parent = 17
bones/18/rest = Transform3D(0.999855, 0.0165857, -0.00381009, 0.00216385, -0.34598, -0.938239, -0.0168796, 0.938095, -0.345965, -0.00290174, -0.0048863, 0.0446187)
bones/18/enabled = true
bones/18/position = Vector3(-0.00290174, -0.0048863, 0.0446187)
bones/18/rotation = Quaternion(0.820335, 0.005714, -0.00630525, 0.57182)
bones/18/scale = Vector3(1, 1, 1)
bones/19/name = "ArmPole.L"
bones/19/parent = 1
bones/19/rest = Transform3D(-2.38419e-07, 1, -2.98023e-08, -0.104626, 1.19209e-07, 0.994512, 0.994512, 3.8743e-07, 0.104626, 0.533191, 0.253037, -0.38009)
bones/19/enabled = true
bones/19/position = Vector3(0.533191, 0.253037, -0.38009)
bones/19/rotation = Quaternion(-0.473121, -0.473121, -0.525506, 0.525506)
bones/19/scale = Vector3(1, 1, 1)
bones/20/name = "ArmPole.R"
bones/20/parent = 1
bones/20/rest = Transform3D(-1.19209e-07, -1, 2.98023e-07, -0.994512, 5.96046e-08, 0.104626, -0.104626, -2.90573e-07, -0.994512, -0.533191, 0.253037, -0.38009)
bones/20/enabled = true
bones/20/position = Vector3(-0.533191, 0.253037, -0.38009)
bones/20/rotation = Quaternion(-0.706136, 0.706136, 0.0370417, 0.0370419)
bones/20/scale = Vector3(1, 1, 1)
bones/21/name = "Leg.L.001"
bones/21/parent = 0
bones/21/rest = Transform3D(1, -8.65632e-08, 1.69009e-07, -8.02938e-08, -0.999325, -0.0367491, 1.72076e-07, 0.036749, -0.999325, 0.118403, 0.0100613, -0.00201548)
bones/21/enabled = true
bones/21/position = Vector3(0.118403, 0.0100613, -0.00201548)
bones/21/rotation = Quaternion(0.999831, -4.17213e-08, 8.52854e-08, 0.0183776)
bones/21/scale = Vector3(1, 1, 1)
bones/22/name = "Leg.L.002"
bones/22/parent = 21
bones/22/rest = Transform3D(1, 8.08986e-08, 6.56052e-08, -7.78015e-08, 0.998946, -0.0459072, -6.92499e-08, 0.0459072, 0.998946, 5.76924e-09, 0.430355, -6.42046e-11)
bones/22/enabled = true
bones/22/position = Vector3(5.76924e-09, 0.430355, -6.42046e-11)
bones/22/rotation = Quaternion(0.0229596, 3.37227e-08, -3.96855e-08, 0.999736)
bones/22/scale = Vector3(1, 1, 1)
bones/23/name = "Leg.R.001"
bones/23/parent = 0
bones/23/rest = Transform3D(1, 5.19379e-08, 6.90887e-08, 5.44418e-08, -0.999325, -0.0367491, 6.71333e-08, 0.036749, -0.999325, -0.118403, 0.0100613, -0.00201554)
bones/23/enabled = true
bones/23/position = Vector3(-0.118403, 0.0100613, -0.00201554)
bones/23/rotation = Quaternion(0.905392, -0.348693, -0.0483428, 0.237362)
bones/23/scale = Vector3(1, 1, 1)
bones/24/name = "Leg.R.002"
bones/24/parent = 23
bones/24/rest = Transform3D(1, -5.28695e-08, 1.71777e-07, 6.06996e-08, 0.998946, -0.0459072, -1.69168e-07, 0.0459072, 0.998946, 9.40655e-10, 0.430355, -7.43583e-12)
bones/24/enabled = true
bones/24/position = Vector3(9.40655e-10, 0.430355, -7.43583e-12)
bones/24/rotation = Quaternion(0.0229596, 8.52587e-08, 2.83998e-08, 0.999736)
bones/24/scale = Vector3(1, 1, 1)
bones/25/name = "LegTarget.L"
bones/25/parent = -1
bones/25/rest = Transform3D(-1, 0, 0, 0, 0, 1, 0, 1, 0, 0.118403, 0.0545948, -0.0222005)
bones/25/enabled = true
bones/25/position = Vector3(0.118403, 0.0545948, -0.0222005)
bones/25/rotation = Quaternion(0, 0.707107, 0.707107, 0)
bones/25/scale = Vector3(1, 1, 1)
bones/26/name = "LegPole.L"
bones/26/parent = -1
bones/26/rest = Transform3D(1, 0, 0, 0, -1, 5.96046e-08, 0, -5.96046e-08, -1, 0.118403, 0.777345, 0.641348)
bones/26/enabled = true
bones/26/position = Vector3(0.118403, 0.777345, 0.641348)
bones/26/rotation = Quaternion(1, 0, 0, -2.98023e-08)
bones/26/scale = Vector3(1, 1, 1)
bones/27/name = "LegTarget.R"
bones/27/parent = -1
bones/27/rest = Transform3D(-1, 0, 0, 0, 0, 1, 0, 1, 0, -0.118403, 0.0545948, -0.0222005)
bones/27/enabled = true
bones/27/position = Vector3(-0.118403, 0.0545948, -0.0222005)
bones/27/rotation = Quaternion(0, 0.707107, 0.707107, 0)
bones/27/scale = Vector3(1, 1, 1)
bones/28/name = "LegPole.R"
bones/28/parent = -1
bones/28/rest = Transform3D(1, 7.10543e-15, 2.38419e-07, -7.10543e-15, -1, 5.96046e-08, 2.38419e-07, -5.96046e-08, -1, -0.118403, 0.777345, 0.641348)
bones/28/enabled = true
bones/28/position = Vector3(-0.118403, 0.777345, 0.641348)
bones/28/rotation = Quaternion(1, -2.11758e-22, 1.19209e-07, -2.98023e-08)
bones/28/scale = Vector3(1, 1, 1)

[node name="band" type="MeshInstance3D" parent="skeleton/Armature/Skeleton3D"]
mesh = ExtResource("3_l4gru")
skin = SubResource("Skin_yu0ra")

[node name="body" type="MeshInstance3D" parent="skeleton/Armature/Skeleton3D"]
mesh = ExtResource("4_vpcru")
skin = SubResource("Skin_yu0ra")

[node name="crutch" type="MeshInstance3D" parent="skeleton/Armature/Skeleton3D"]
mesh = ExtResource("5_suwvk")
skin = SubResource("Skin_yu0ra")

[node name="hand" type="MeshInstance3D" parent="skeleton/Armature/Skeleton3D"]
mesh = ExtResource("7_p74a8")
skin = SubResource("Skin_yu0ra")

[node name="palm" type="MeshInstance3D" parent="skeleton/Armature/Skeleton3D"]
mesh = ExtResource("8_njrkx")
skin = SubResource("Skin_yu0ra")

[node name="ribs" type="MeshInstance3D" parent="skeleton/Armature/Skeleton3D"]
mesh = ExtResource("9_dfsxr")
skin = SubResource("Skin_yu0ra")

[node name="shirt" type="MeshInstance3D" parent="skeleton/Armature/Skeleton3D"]
mesh = ExtResource("10_sl16a")
skin = SubResource("Skin_yu0ra")

[node name="skull" type="MeshInstance3D" parent="skeleton/Armature/Skeleton3D"]
mesh = ExtResource("11_krarf")
skin = SubResource("Skin_yu0ra")

[node name="Head" type="BoneAttachment3D" parent="skeleton/Armature/Skeleton3D"]
transform = Transform3D(-0.495699, 0.134108, 0.858077, -0.707537, 0.510611, -0.488536, -0.503661, -0.849289, -0.158222, 0.204367, 1.99971, 0.0802469)
bone_name = "Head"
bone_idx = 17
override_pose = true

[node name="Leg_R_001" type="BoneAttachment3D" parent="skeleton/Armature/Skeleton3D"]
transform = Transform3D(0.752152, -0.608459, -0.253072, -0.656782, -0.660743, -0.363394, 0.0538947, 0.43954, -0.896605, -0.118403, 0.932249, -0.0016444)
bone_name = "Leg.R.001"
bone_idx = 23
override_pose = true
